IDENTIFY

41 42 43 44 
01 00 00 00 
00 00 00 00 
00 00 00 00 
00 00 00 00 
00 00 00 00 
48 69 62 00 00 00 00 00 00 00 00 00 00 00 00 00 
42 61 6c 69 00 00 00 00 00 00 00 00 00 00 00 00 
42 65 61 72 00 00 00 00 00 00 00 00 00 00 00 00 

41 42 43 44 01 00 00 00 00 00 00 00 00 00 00 00 00 00 00 00 00 00 00 00 48 69 62 00 00 00 00 00 00 00 00 00 00 00 00 00 42 61 6c 69 00 00 00 00 00 00 00 00 00 00 00 00 42 65 61 72 00 00 00 00 00 00 00 00 00 00 00 00


GRANT

41 42 43 44 
02 00 00 00 
XY 00 00 00 
00 00 00 00 
00 00 00 00 
00 00 00 00 


DENY

41 42 43 44 
03 00 00 00 
00 00 00 00 
00 00 00 00 
00 00 00 00 
00 00 00 00 

READY

41 42 43 44 
04 00 00 00 
XY 00 00 00 
00 00 00 00 
00 00 00 00 
00 00 00 00 
00 00 00 00 

41 42 43 44 04 00 00 00 XY 00 00 00 00 00 00 00 00 00 00 00 00 00 00 00 00 00 00 00 



START

41 42 43 44 
05 00 00 00 
XY 00 00 00 
00 00 00 00 
00 00 00 00 
00 00 00 00 
00 00 00 00 


UPDATE

41 42 43 44 
06 00 00 00 
XY 00 00 00 
00 00 00 00 
00 00 00 00 
00 00 00 00 
00 00 00 00 

ACK

41 42 43 44 
08 00 00 00 
XY 00 00 00 
00 00 00 00 
00 00 00 00 
00 00 00 00 
00 00 00 00 



